1 727 717 53
2 842 1087 145
3 2856 1994 10
4 1003 1421 8
5 2031 648 23
6 1810 2769 89
7 1317 1166 268
8 2153 1381 216
9 1769 2045 218
10 543 571 76
11 1671 2193 214
12 1472 2629 242
13 1420 1450 109
14 1664 1410 209
15 1645 1231 166
16 711 1000 126
17 2713 959 44
18 908 2698 224
19 2196 2974 17
20 2209 1494 14
21 356 1266 213
22 1339 607 292
23 924 2922 133
24 40 1459 288
25 794 2921 219
26 204 34 206
27 2370 2099 209
28 1965 2026 294
29 964 115 266
30 2110 325 146
31 2168 2087 209
32 1769 646 123
33 947 2891 221
34 1719 322 35
35 2832 168 132
36 1049 2275 147
37 2515 1309 166
38 2203 2580 184
39 629 738 215
40 767 1771 126
41 1797 2445 91
42 2589 1138 2
43 2902 910 170
44 301 93 243
45 2896 1466 132
46 1379 784 238
47 1683 2391 125
48 953 2140 148
49 2931 1128 76
50 194 1572 230
51 1957 662 178
52 282 416 58
53 335 1445 50
54 854 1338 249
55 763 922 25
56 1671 745 223
57 1360 312 182
58 329 2408 212
59 822 2276 128
60 2382 1053 3
61 1002 615 149
62 302 967 64
63 2831 953 243
64 974 2898 123
65 986 1471 163
66 1327 288 255
67 346 1173 146
68 2531 2462 201
69 2235 240 112
70 2922 1108 184
71 1838 175 184
72 801 2089 11
73 2524 2169 156
74 2891 2068 297
75 2989 1455 54
76 1617 2350 122
77 2281 2774 15
78 983 1400 72
79 953 2181 13
80 2556 2077 222
81 761 343 73
82 2682 1974 38
83 882 182 123
84 617 1329 288
85 1908 48 246
86 2831 2658 76
87 435 502 243
88 1113 145 149
89 1023 2370 217
90 1733 286 107
91 605 467 47
92 919 445 21
93 2674 1337 291
94 2883 1621 134
95 2897 2319 142
96 1604 195 230
97 726 2881 278
98 906 1348 133
99 1990 571 73
100 2521 2020 264